160442
267793
029218
363234
044427
397066
029870
341397
365630
063690
068009
325292
154157
106150
326112
355325
059005
228731
115653
348247
346627
024132
159485
110908
009596
337971
118718
022461
085424
322225
303922
094189
054798
034813
030811
266591
248124
262441
004540
038358
358702
295491
201156
187875
241855
108338
348369
154658
079007
285133
063549
083454
020851
345455
090643
248027
040616
134622
249123
281976
381455
356920
141103
313714
185045
076352
095523
354336
239035
332476
267732
215460
257296
230176
366586
243799
149741
111583
054496
238839
100592
291046
084373
201972
103952
162567
029230
035726
332105
127252
109263
308387
026641
015148
017235
112661
183172
334388
388799
009970
219262
130795
192737
037794
010450
150192
295727
268673
077414
114849
005636
004574
329991
274498
031113
039856
394662
119026
083459
196219
366946
313825
127157
024385
164937
351727
305187
270502
105518
010433
133601
398152
022533
340848
240287
311138
069995
360698
059416
382073
235211
324337
200957
068436
101398
035899
361348
361316
080178
382257
389498
095040
241739
017345
164580
288163
072507
121651
217542
274106
023620
121987
369087
326439
057386
135010
010393
364454
235576
182354
317594
047762
042012
374604
333672
169083
180886
030126
346960
272836
223912
224906
081934
080221
090136
339176
128636
311987
126171
328828
308088
221664
280340
251774
131458
007403
372903
071278
191666
081796
122882
292997
276689
055976
049766
158335
229623
396874
063347
194316
121556
299148
342807
192713
209465
077298
062167
165143
369210
071518
365154
010378
229480
156460
314974
200429
186284
385281
133981
317846
255261
159371
011257
260640
074896
121342
039383
245160
217359
142081
315763
376503
063963
124163
335225
234261
351058
310032
006970
247226
120335
371300
396880
190256
047184
349020
122270
232157
156953
085980
165018
275919
042416
094621
128168
280844
399348
295288
360937
091704
135800
018562
101972
329692
323449
280663
170650
093655
055207
003418
004940
036753
034501
391012
263870
263630
225632
292841
112579
207629
336049
331662
283041
247097
183518
377347
181771
210066
361545
079375
231203
326649
070730
020992
288100
010820
363873
229410
162422
216456
116821
188548
294081
018548
164805
338429
008585
330966
269560
107692
187266
220214
376320
110441
398243
278775
117115
342811
181748
235423
086839
345182
071650
018465
333243
036133
026883
048363
160073
148971
290594
351561
043020
363685
053248
211797
319816